4294967294,0
4294967278,131
4294967278,547
4294967278,130
4294967278,256
4294967278,129
4294967278,546
4294967278,127
4294967278,251
4294967278,121
4294967278,249
4294967278,120
4294967278,245
4294967278,118
4294967278,241
4294967278,239
4294967278,106
4294967278,104
4294967278,98
4294967278,84
4294967278,82
4294967278,288
4294967278,43
4294967278,319
4294967278,42
4294967278,555
4294967278,41
4294967278,287
4294967278,40
4294967278,318
4294967278,38
4294967278,285
4294967278,32
4294967278,31
4294967278,29
4294967278,28
4294967278,275
4294967278,23
4294967278,272
4294967278,22
4294967278,21
4294967278,20
4294967278,19
4294967278,281
4294967278,539
4294967278,11
4294967278,548
4294967278,10
4294967278,8
4294967279,257
4294967279,131
4294967279,334
4294967279,130
4294967279,256
4294967279,128
4294967279,252
4294967279,123
4294967279,251
4294967279,122
4294967279,121
4294967279,332
4294967279,120
4294967279,245
4294967279,118
4294967279,241
4294967279,331
4294967279,174
4294967279,229
4294967279,109
4294967279,98
4294967279,93
4294967279,0
4294967279,312
4294967279,43
4294967279,360
4294967279,42
4294967279,41
4294967279,343
4294967279,39
4294967279,34
4294967279,33
4294967279,341
4294967279,32
4294967279,31
4294967279,29
4294967279,28
4294967279,134
4294967279,22
4294967279,21
4294967279,289
4294967279,20
4294967279,13
4294967279,12
4294967279,11
4294967279,10
4294967279,8
61,7311
61,7296
61,4541
61,4520
61,4514
61,4502
61,4487
61,4485
61,1717
61,1712
61,1700
61,1692
4294967279,372
61,7315
61,7313
61,7305
61,4536
61,4531
61,4521
61,4512
61,4501
61,4491
61,1726
61,1716
61,1710
61,1704
61,1688
61,9
61,1525
61,1493
61,1516
61,3768
61,6368
61,6337
61,6344
61,3739
61,3740
61,6339
61,1483
61,3724
61,3716
61,6351
61,1510
61,3757
61,3752
61,6340
61,3714
61,1531
61,626
61,1507
61,1475
61,6367
61,6349
61,3771
61,8
61,6290
61,2894
61,1265
61,4616
61,2943
61,2902
61,2898
61,6308
61,4631
61,4621
61,4633
61,4626
61,6300
61,4645
61,4655
61,4654
61,6282
61,2891
61,2880
61,2920
61,1272
61,1255
61,2937
61,2913
61,1267
61,2887
61,2940
61,6284
61,139
61,4634
61,4643
61,6306
61,4640
61,7
61,5308
61,5294
61,5284
61,5307
61,7426
61,5311
61,5253
4294967279,146
61,177
61,984
61,5301
61,5286
61,5293
61,5295
61,5309
61,5298
61,3017
61,977
61,5306
61,1004
61,5305
61,58
61,3030
61,7425
61,5276
61,3027
61,5261
61,1011
61,5304
4294967279,310
61,3012
61,982
61,46
61,6
61,6553
61,5418
61,4191
61,4175
61,3255
61,3237
61,5433
61,3248
61,4161
61,1952
61,1956
61,1931
61,1920
61,3229
61,5421
61,779
61,821
61,4165
61,6541
61,6533
61,4209
61,5400
61,4206
61,3222
61,4188
61,3219
61,4198
61,5426
61,1944
61,3207
61,1951
61,5422
61,1958
61,826
61,3216
61,55
61,6528
61,5
61,8288
61,7965
61,7716
61,7218
61,6872
61,6424
61,5766
61,5688
61,5322
61,4468
61,4420
61,3616
61,3289
61,2866
61,1296
61,1295
61,1294
61,1293
61,1292
61,2
61,4
47,4
66,4
66,3
66,2
66,1
4294967279,371
4294967278,552
4294967279,348
4294967278,284
4294967279,291
4294967278,283
4294967279,340
4294967278,565
46,3
59,58
59,13
59,5
59,2
46,4
65,4
65,3
65,2
65,1
4294967278,274
4294967279,290
4294967278,521
4294967278,273
58,571
58,9
58,619
58,595
58,217
58,100
58,8
58,721
58,706
58,224
58,713
58,726
58,7
4294967279,18
4294967279,339
58,210
58,351
4294967278,17
58,6
4294967279,286
4294967279,268
58,444
58,411
58,392
58,127
58,400
58,113
58,5
58,2
58,1
45,4
64,4
64,3
64,2
64,1
4294967278,279
4294967279,285
4294967279,338
4294967279,370
4294967278,132
4294967278,278
4294967279,306
44,4
63,4
63,3
63,2
63,1
4294967278,564
4294967278,0
4294967278,563
4294967294,485
62,4
62,3
62,2
62,1
4294967294,5
4294967279,369
4294967279,368
4294967279,233
4294967294,1364
4294967294,1370
4294967294,1363
4294967294,1362
4294967294,1356
4294967294,7
4294967294,6
61,8641
61,8640
61,8639
61,7429
61,8638
61,7325
61,8637
61,7428
61,578
61,3062
61,5279
61,8636
61,8635
61,8634
61,8633
61,8632
61,8631
61,8630
61,8629
61,8628
61,8627
61,6580
61,805
61,40
61,8626
61,5394
61,8625
61,6311
61,6307
61,8624
61,8623
61,8622
61,8621
61,1934
61,8620
61,8619
61,8618
61,8617
61,5398
61,8616
61,8615
61,7324
61,7323
61,8614
61,6544
61,8613
61,8612
61,6579
61,8611
61,5380
61,3247
61,8610
61,8609
61,6547
61,8608
61,8607
61,8606
61,8605
61,6371
61,6369
61,4194
61,8604
61,8603
61,6357
61,8602
61,8601
61,8600
61,6355
61,8599
61,8598
61,8597
61,8596
61,6356
61,8595
61,8594
61,8593
61,8592
61,8591
61,8590
61,8589
61,8588
61,8587
61,8586
61,8585
61,7427
61,988
61,5268
61,6310
61,4648
61,6287
61,6578
61,800
61,8584
61,6568
61,8583
61,8582
61,8581
61,8580
61,6370
61,3754
61,3735
61,1527
61,8579
61,8578
61,8577
61,6577
61,6536
61,7322
61,8576
61,8575
61,6543
61,8574
61,5256
61,8573
61,6576
61,3232
61,4176
61,8572
61,8571
61,6575
61,3251
61,1983
61,8570
61,8569
61,8568
61,8567
61,1
61,8566
61,6574
61,8565
61,8564
61,8563
61,8562
61,8561
61,5383
61,8560
61,8559
61,8558
61,8557
61,8556
61,8555
61,5438
61,8554
61,8553
61,8552
61,6309
61,4638
61,4668
61,8551
61,8550
61,8549
61,8548
61,7808
61,8547
61,6288
61,8546
61,8545
61,8544
61,8543
61,8542
61,8541
61,8540
61,8539
61,7321
61,8538
61,8537
61,8536
61,8535
61,8534
61,8533
61,8532
61,8531
61,6573
61,8530
61,8529
61,8528
61,8527
61,5415
61,8526
61,8525
61,8524
61,8523
61,8522
61,8521
61,6283
61,8520
61,8519
61,8518
61,6572
61,8517
61,6551
61,8516
61,8515
61,8514
61,8513
61,0
61,8512
61,8511
61,8510
61,6539
61,8509
61,8508
61,6571
61,5378
61,3252
61,8507
61,8506
61,609
61,5288
61,8505
61,8504
61,8503
61,6305
61,8502
61,8501
61,8500
61,7320
61,8499
61,8498
61,8497
61,5310
61,176
61,3070
61,5283
61,8496
61,8495
61,8494
61,8493
61,3217
61,8492
61,8491
61,8490
61,8489
61,8488
61,8487
61,8486
61,8485
61,8484
61,8483
61,8482
61,3773
61,3758
61,6350
61,8481
61,8480
61,8479
61,6570
61,8478
61,8477
61,8476
61,8475
61,8474
61,6569
61,8473
61,8472
61,4213
61,8471
61,8470
61,8469
61,8468
61,8467
61,8466
61,8465
61,8464
61,8463
61,8462
61,7319
61,8461
61,8460
61,8459
61,8458
61,8457
61,8456
61,8455
61,8454
61,8453
61,8452
61,6365
61,8451
61,8450
61,8449
61,6366
61,1518
61,3718
61,8448
61,8447
61,8446
61,5303
61,8445
61,8444
61,8443
61,8442
61,8441
61,6557
61,8440
61,8439
61,8438
61,8437
61,8436
61,8435
61,1921
61,8434
61,8433
61,8432
61,8431
61,8430
61,8429
61,8428
61,8427
61,8426
61,8425
61,8424
61,7318
61,8423
61,8422
61,8421
61,8420
61,8419
61,8418
61,8417
61,8416
61,8415
61,8414
61,8413
61,8412
61,8411
61,8410
61,8409
61,8408
61,8407
61,8406
61,8405
61,8404
61,8403
61,5302
61,8402
61,8401
61,8400
61,8399
61,8398
61,8397
61,8396
61,8395
61,8394
61,8393
61,8392
61,8391
61,8390
61,8389
61,8388
61,8387
61,8386
61,7317
61,8385
61,8384
61,8319
61,8318
61,8317
61,8316
61,8315
61,6295
61,8314
61,8313
61,8312
61,8311
61,6364
61,8310
61,8309
61,8308
61,8307
61,8306
61,8305
61,8304
61,8303
61,8302
61,8301
61,8300
61,8299
61,8298
61,6304
61,6285
61,8297
61,8296
61,8295
61,8294
61,8293
61,8292
61,6303
61,4635
61,8291
61,8290
61,4625
61,6302
61,6281
61,8289
61,8287
61,8286
61,8285
61,8284
61,8283
61,7316
61,8282
61,8281
61,6567
61,5413
61,8280
61,8279
61,8278
61,8277
61,8276
61,5396
61,8275
61,5299
61,8274
61,6566
61,4199
61,1969
61,8273
61,8272
61,8271
61,6301
61,8270
61,8269
61,8268
61,8267
61,8266
61,8265
61,8264
61,8320
61,4664
61,6277
61,6565
61,8263
61,8262
61,8261
61,8260
61,8259
61,6564
61,5408
61,8258
61,8257
61,8256
61,6563
61,8255
61,8254
61,8253
61,8252
61,8251
61,8250
61,8249
61,8248
61,8247
61,8246
61,8245
61,4632
61,8244
61,6299
61,6278
61,8243
61,8242
61,1954
61,6298
61,4649
61,8241
61,8240
61,8239
61,8238
61,6363
61,8237
61,8236
61,8235
61,8234
61,8233
61,8232
61,8231
61,6562
61,8230
61,993
61,5255
61,5280
61,8229
61,8228
61,8227
61,8226
61,5397
61,8225
61,8224
61,8223
61,8222
61,8221
61,8220
61,8219
61,8218
61,6561
61,5388
61,8217
61,8216
61,8215
61,6560
61,6559
61,1922
61,1933
61,8214
61,8213
61,8212
61,8211
61,6558
61,5387
61,3234
61,8210
61,8209
61,8208
61,8207
61,7314
61,8206
61,8205
61,8204
61,8203
61,8202
61,8201
61,1975
61,6297
61,8200
61,6296
61,8199
61,8198
61,1976
61,8197
61,8196
61,8195
61,8194
61,6292
61,8193
61,8192
61,6556
61,184
61,811
61,6555
61,8191
61,6540
61,8190
61,8189
61,8188
61,8187
61,8186
61,8185
61,8184
61,8183
61,8182
61,8181
61,5297
61,8180
61,8179
61,8178
61,3201
61,8177
61,6294
61,4637
61,4644
61,8176
61,4660
61,8175
61,8174
61,8173
61,8172
61,8171
61,8170
61,8169
61,8168
61,8167
61,8166
61,8165
61,8164
61,8163
61,8162
61,6362
61,8161
61,8160
61,8159
61,8158
61,8157
61,8156
61,8155
61,8154
61,8153
61,8152
61,8151
61,6554
61,4187
61,8150
61,8149
61,8148
61,8147
61,8146
61,8145
61,8144
61,8143
61,8142
61,8141
61,8140
61,8139
61,8138
61,8137
61,8136
61,8135
61,6293
61,2923
61,2885
61,3212
61,8134
61,8133
61,8132
61,8131
61,7312
61,8130
61,8129
61,6534
61,8128
61,8127
61,8126
61,8125
61,8124
61,8123
61,8122
61,8121
61,8120
61,8119
61,8118
61,6552
61,4215
61,4181
61,8117
61,8116
61,8115
61,8114
61,8113
61,8112
61,8111
61,8110
61,8109
61,1940
61,8108
61,8107
61,8106
61,8105
61,8104
61,8103
61,8102
61,8101
61,8100
61,8099
61,8098
61,8097
61,8096
61,8095
61,8094
61,4214
61,8093
61,8092
61,8091
61,8090
61,5296
61,8089
61,8088
61,8087
61,8086
61,8085
61,6359
61,8084
61,8083
61,8082
61,8081
61,8080
61,8079
61,8078
61,3046
61,3067
61,5273
61,8077
61,8076
61,8075
61,8074
61,8073
61,8072
61,8071
61,8070
61,8069
61,6289
61,8068
61,8067
61,6361
61,3736
61,3759
61,8066
61,8065
61,8064
61,8063
61,8062
61,8061
61,8060
61,8059
61,8058
61,8057
61,8056
61,6360
61,3743
61,6336
61,8055
61,8054
61,7310
61,8053
61,8052
61,8051
61,8050
61,8049
61,8048
61,8047
61,8046
61,8045
61,8044
61,8043
61,8042
61,8041
61,8040
61,8039
61,8038
61,8037
61,8036
61,8035
61,8034
61,5300
61,1020
61,3058
61,5267
61,8033
61,6550
61,8032
61,8031
61,6549
61,4193
61,5389
61,8030
61,5420
61,8029
61,8028
61,6291
61,4646
61,4661
61,8027
61,8026
61,8025
61,4622
61,8024
61,8023
61,8022
61,8021
61,8020
61,8019
61,8018
61,8017
61,8016
61,7309
61,8015
61,8014
61,8013
61,8012
61,8011
61,8010
61,8009
61,8008
61,8007
61,8006
61,8005
61,61
61,6358
61,8004
61,8003
61,8002
61,8001
61,8000
61,7999
61,7998
61,7997
61,7996
61,159
61,5271
61,7424
61,7995
61,7994
61,7993
61,7992
61,7991
61,7990
61,7989
61,7988
61,7987
61,7986
61,7985
61,7984
61,7983
61,7982
61,5379
61,4180
61,7981
61,7980
61,7979
61,7978
61,7308
61,7977
61,7976
61,7975
61,7974
61,7973
61,7972
61,7971
61,6548
61,7970
61,6279
61,7969
61,7968
61,7967
61,594
61,5278
61,5289
61,7966
61,7964
61,7963
61,7962
61,7961
61,7960
61,5401
61,7959
61,5381
61,4217
61,4166
61,7958
61,4216
61,3258
61,6537
61,3242
61,1970
61,7957
61,799
61,3211
61,7956
61,3733
61,3769
61,5410
61,4657
61,3235
61,7955
61,7954
61,4203
61,5386
61,4204
61,3220
61,3200
61,6276
61,7953
61,4663
61,1935
61,5437
61,7952
61,6280
61,6531
61,5404
61,5429
61,3227
61,1942
61,3233
61,4163
61,7951
61,1961
61,6532
61,5403
61,6530
61,5434
61,3245
61,4222
61,5382
61,4218
61,6538
61,3254
61,7950
61,4219
61,1967
61,5417
61,5377
61,5407
61,3765
61,5432
61,5291
61,4211
61,5399
61,7949
61,3261
61,5392
61,3221
61,5423
61,3244
61,3246
61,5412
61,3262
61,3203
61,7948
61,3249
61,4174
61,5390
61,4171
61,7947
61,4197
61,5402
61,5430
61,5416
61,7946
61,4220
61,4201
61,5427
61,6341
61,7945
61,5439
61,825
61,3224
61,1939
61,4196
61,4179
61,5435
61,134
61,4653
61,4667
61,7944
61,4192
61,4202
61,7943
61,5393
61,3204
61,4185
61,7942
61,5292
61,7941
61,7940
61,7307
61,6546
61,5409
61,7939
41,1
61,7938
61,7937
61,7936
61,7935
61,7934
61,7933
61,7932
61,964
61,5290
61,7931
61,7930
61,7929
61,6545
61,7928
61,6354
61,7927
61,7926
61,7925
61,7924
61,7923
61,7922
61,7921
61,7920
61,7919
61,4665
61,7918
61,7917
61,7916
61,7915
61,3747
61,3766
61,7914
61,7913
61,7912
61,7911
61,7910
61,7909
61,6347
61,7908
61,7907
61,7906
61,3756
61,3730
61,3764
61,7905
61,7904
61,7903
61,7902
61,7306
61,7901
61,7900
61,7899
61,6286
61,7898
61,7897
61,7896
61,7895
61,7894
61,7893
61,7892
61,7891
61,7890
61,7889
61,7888
61,7887
61,7886
61,7885
61,7884
61,7883
61,6542
61,3206
61,3225
61,7882
61,7881
61,7880
61,7879
61,7878
61,7877
61,7876
61,7875
61,7874
61,7873
61,7872
61,7807
61,7806
61,4173
61,7805
61,7804
61,7803
61,7802
61,7801
61,7800
61,6275
61,7799
61,7798
61,7797
61,7796
61,7795
61,7794
61,4168
61,4178
61,1982
61,7793
61,7792
61,7791
61,7790
61,7789
61,7788
61,7787
61,7786
61,7785
61,7784
61,7783
61,7782
61,7781
61,6353
61,7780
61,7779
61,4627
61,7778
61,4652
61,7777
61,7776
61,7775
61,7774
61,7773
61,7772
61,7771
61,7770
61,5285
61,7769
61,4624
61,7768
61,7767
61,7766
61,7765
61,5258
61,5269
61,7764
61,7763
61,7762
61,7304
61,7761
61,7760
61,7759
61,7758
61,7757
61,7756
61,7755
61,7754
61,7753
61,7752
61,7751
61,7750
61,7749
61,7748
61,7747
61,7746
61,4671
61,7745
61,7744
61,7743
61,7742
61,7741
61,7740
61,7739
61,7738
61,7737
61,7736
61,7735
61,7734
61,7733
61,7732
61,7731
61,7730
61,7729
61,7728
61,4205
61,7727
61,7726
61,7725
61,7724
61,7303
61,7723
61,583
61,7722
61,7721
61,7720
61,7719
61,7718
61,7717
61,7715
61,7714
61,7713
61,7712
61,7711
61,7710
61,7709
61,7708
61,7707
61,7706
61,7705
61,4170
61,7704
61,7703
61,7702
61,7701
61,6352
61,7700
61,7699
61,7698
61,783
61,7697
61,7696
61,7695
61,7694
61,1960
61,7693
61,7692
61,7691
61,604
61,7690
61,7689
61,7688
61,7687
61,7686
61,7302
61,7685
61,7684
61,7683
61,7682
61,6535
61,178
61,7681
61,7680
61,7679
61,7678
61,7677
61,7676
61,7675
61,7674
61,7673
61,7672
61,7671
61,7670
61,7669
61,7668
61,7667
61,7666
61,7665
61,7664
61,7663
61,7662
61,7661
61,7660
61,7659
61,7658
61,7657
61,7656
61,7655
61,4641
61,7654
61,7653
61,7652
61,7651
61,7650
61,7649
61,7648
61,144
61,7301
61,7647
61,7646
61,7645
61,7644
61,7643
61,7642
61,7641
61,7640
61,7639
61,7638
61,7637
61,7636
61,7635
61,7634
61,7633
61,7632
61,7631
61,7630
61,7629
61,7628
61,7627
61,7626
61,7625
61,5282
61,7624
61,7623
61,7622
61,7621
61,7620
61,7619
61,7618
61,7617
61,7616
61,1251
61,2939
61,7615
61,7614
61,7613
61,7612
61,7611
61,4670
61,7610
61,7300
61,7609
61,7608
61,7607
61,7606
61,7605
61,7604
61,7603
61,7602
61,7601
61,7600
61,7599
61,7598
61,7597
61,7596
61,7595
61,7594
61,7593
61,7592
61,7591
61,7590
61,5281
61,7589
61,7588
61,1283
61,1479
61,1502
61,7587
61,7586
61,7585
61,7584
61,7583
61,7582
61,5391
61,7581
61,7580
61,7579
61,7578
61,7577
61,7576
61,7575
61,7574
61,7573
61,7572
61,7299
61,6529
61,7571
61,7570
61,7569
61,7568
61,7567
61,7566
61,7565
61,7564
61,7563
61,7562
61,7561
61,7560
61,7559
61,7558
61,7557
61,5287
61,610
61,7556
61,999
61,3049
61,3069
61,7555
61,7554
61,7553
61,4172
61,7552
61,7551
61,7550
61,7549
61,3750
61,7548
61,7547
61,7546
61,7545
61,7544
61,7543
61,7542
61,7541
61,7540
61,7539
61,6348
61,7538
61,7537
61,7536
61,7535
61,7534
61,7298
61,7533
61,7532
61,7531
61,7530
61,7529
61,7528
61,7527
61,7526
61,7525
61,7524
61,7523
61,7522
61,7521
61,7520
61,7519
61,7518
61,7517
61,7516
61,7515
61,7514
61,7513
61,7512
61,7511
61,7510
61,7509
61,7508
61,7507
61,7506
61,1941
61,53
61,778
61,7505
61,7504
61,7503
61,5436
61,4207
61,7502
61,7501
61,7500
61,7499
61,7498
61,7497
61,7496
61,7297
61,5277
61,7495
61,7494
61,7493
61,7492
61,7491
61,7490
61,7489
61,7488
61,7423
61,7422
61,7421
61,7420
61,7419
61,6274
61,7418
61,7417
61,7416
61,7415
61,7414
61,7413
61,4669
61,7412
61,7411
61,7410
61,7409
61,4210
61,3259
61,820
61,7408
61,7407
61,7406
61,7405
61,7404
61,7403
61,7402
61,7401
61,7400
61,7399
61,7398
61,7397
61,7396
61,7395
61,7394
61,7393
61,7392
61,7391
61,7390
61,7389
61,6346
61,7388
61,7387
61,7386
61,7385
61,7384
61,3772
61,7383
61,7382
61,7381
61,7380
61,7379
61,7378
61,7377
61,7376
61,7375
61,7374
61,7373
61,7372
61,7371
61,7370
61,7369
61,3043
61,7368
61,7367
61,7366
61,7365
61,7364
61,7363
61,7362
61,7361
61,7360
61,7295
61,7294
61,7293
61,4543
61,7292
61,7291
61,7290
61,7289
61,4182
61,7288
61,7287
61,7286
61,7285
61,7284
61,7283
61,7282
61,7281
61,7280
61,7279
61,7278
61,7277
61,7276
61,7275
61,7274
61,7273
61,7272
61,7271
61,7270
61,7269
61,7268
61,7267
61,7266
61,7265
61,7264
61,7263
61,3045
61,7262
61,7261
61,7260
61,7259
61,7258
61,7257
